01
0 1 2 3 4 5 6 7 6 8 9 10 11 12 13 14 15 16 17 18 19 20 21 22 23 24 25 26 27 28 29
02
30 31 32 33 17 34 35 36 37 38 39 21 22 40 24 25 26 27 28 29
03A
41 42 18 43 44 32 31 45 5 46 5 4 3 47 2 1 0
06A
41 42 48 42 49 50 51 52 53 54 55 56 57 58 59
06B
41 42 48 42 49 60 61 62
06C
41 42 48 42 49 60 54 63 64 65
11
66 67 34 32 68 69 70 71 72 73 46 5 4 74 2 3 75 76 77 78
15
0 1 2 3 79 80 81 82 83 84 81 85 86 87 88 89
17
90 6 91 5 4 3 79 80 92 82 81 86 87 93 94 95 96 95 97 98
23
99 100 101 102 103 104 105 106 107 106 108 109 42 110 111 112 113 22 114 22 115 116 117 118 119 120 121 122 123 124 125 126 127 8 5 128 69 70 17 33 32 129 130 131 132 99
31
133 134 109 108 106 101 135 136 68 69 70 71 72 73 5 91 6 137 138 139 140 141 142 143 144
36
145 8 11 12 13 14 15 16 17 103 104 106 146 147 42 148 149 150
89
29 26 151 152 153 154 155 156 157 158 159 160 161 162
91
29 28 27 163 164 165 166 167
100
6 91 5 4 3 47 168 169 170 171 172 171 173 75 76 174 175 176 177
102
29 26 178 179 28 180 181 182 183 184 185 186 187 188
105
189 190 191 26 192 193 194 195 196 197 198 25 24 199 200 201 202 203 204 205 206
108
207 208 209 210
BRT01
211 28 27 26 212 213 200 214 120 215 216
